398874773 652193
18498878 14749606
14305022 8479062
22253 12741
15540222 14809096
7415132 14172562
17129553 13839772
15911247 14086492
14087951 22253
57378470 19094625
19479427 1186
29294520 13462502
13652832 40198602
174958347 287713
22253 2727051
1765921 2727051
14710479 8630562
20496869 180505807
13652832 1678471
663463 728163
22253 1186
3191321 17408993
1186 765548
13141442 17129553
883301 9616792
1371101 13334762
1678471 19966557
8479062 40198602
14305022 12725022
9283582 14231571
728163 713263
12800212 14450509
19094625 165964253
14 1186
14305022 563200400
14710479 14231571
15236339 606083
13462502 104937383
14178728 20755177
8479062 2727051
14163141 57739496
728163 12007182
17729005 10587552
377821426 13462502
15911247 9411772
17129553 17633994
15639334 1260231
14087951 668423
713263 58166411
586 11178592
5994452 14471007
13019862 1678471
1186 8479062
15459980 8067082
